drop_out: 0.2
hidden_size:
- 256
- 256
input_size: 679
lr: 0.0015719182924738369
n_classes: 2
weight_decay: 0.0026193402091580936
