drop_out: 0.2
hidden_size:
- 256
- 256
input_size: 679
lr: 0.1690851803417404
n_classes: 2
weight_decay: 0.06266646793495648
